

m_c = 9 ;    n_g = 8

current i =  1
 j =  0
 j =  1
best_acc =  0.833041566655615
 j =  2
best_acc =  0.8338653747083388
 j =  3
best_acc =  0.8351783307237753
 j =  4
 j =  5
